1-2:
{26, 26, 9, 25, 26, 42, 26, 10, 26, 41, 42, 57, 25, 10, 25, 26, 58, 57, 42, 9, 10, 58, 25, 57, 9, 42, 10, 58, 42, 25, 57,
 41, 26, 10, 57, 10, 25, 25, 25, 9, 10, 42, 58, 25, 57, 58, 26, 58, 25, 41, 26, 57, 41, 10, 10, 57, 26, 25, 25, 25, 9, 57,
 25, 57, 25, 10, 41, 25, 25, 9, 26, 41, 9, 41, 41, 25, 26, 42, 9, 26, 41, 25, 10, 9, 9, 26, 41, 41, 58, 25, 58, 41, 58, 
41, 41, 41, 25, 9, 10, 57, 57, 26, 58, 57, 42, 26, 42, 10, 58, 58, 10, 42, 10, 42, 58, 42, 58, 57, 9, 9, 26, 58, 57, 9, 
25, 41, 41, 58, 41, 57, 58, 57, 26, 57, 42, 57, 41, 58, 42, 57, 42, 9, 58, 10}



1-1:
{42, 58, 26, 25, 57, 57, 10, 10, 58, 42, 9, 57, 25, 9, 41, 57, 42, 10, 42, 25, 42, 58, 25, 9, 10, 41, 58, 26, 10, 26, 25,
 41, 9, 57, 26, 57, 57, 10, 41, 57, 42, 26, 25, 26, 58, 41, 42, 57, 25, 42, 42, 9, 58, 42, 58, 9, 26, 58, 42, 57, 26, 41,
 10, 9, 26, 58, 58, 10, 57, 10, 41, 57, 58, 58, 10, 41, 57, 26, 42, 26, 9, 25, 57, 9, 41, 41, 58, 9, 58, 26, 10, 26, 42,
 9, 58, 9, 9, 9, 9, 42, 10, 57, 25, 26, 42, 26, 41, 25, 41, 25, 9, 25, 57, 58, 57, 41, 26, 9, 10, 26, 25, 57, 57, 9, 10, 
10, 42, 26, 41, 26, 26, 26, 42, 58, 25, 25, 57, 10, 41, 56};
