010110
111010
000111
100100
110111
100110
100101
010111
010110
010111
001001
110100
111011
110101
010100
010100
011000
100101
111001
001000
101000
000101
100110
001001
100111
100100
110110
111010
110111
100100
001001
100111
000100
010100
100111
100100
110110
100111
101010
010100
001000
110101
000100
110100
100101
110101
000101
001011
011011
011000
001001
110101
110110
110111
011011
010111
100111
111000
100111
100110
110110
010110
110110
100111
010111
110110
001001
111010
000110
100100
001000
111010
010100
111001
001001
010111
001000
100110
111000
110100
011000
011011
010100
010101
100101
001010
110110
100110
100110
011001
111001
111010
110111
010111
111000
110100
110111
110110
100110
100100
100110
011001
010111
100110
000110
000101
110111
010101
001010
011011
100100
100110
010100
000110
110111
111010
010110
000101
111001
111011
010110
110101
100100
101000
101001
101001
011000
001011
110110
101001
111011
111010
000100
001000
111000
000100
011001
100111
011010
011011
000101
101000
100111
001011
110110
101001
111011
101000
011010
000100
100100
111001
101010
100100
110101
000101
010100
001010
010110
011001
010100
001000
000101
110111
011000
100111
010111
100111
010101
100110
001001
011001
100101
010110
100100
011011
000101
010111
010111
100111
001001
000101
010110
101011
110111
010110
100101
011001
010110
000100
011000
110110
101011
111010
000101
011001
000111
011000
010101
111011
000100
011010
110100
100100
001000
100110
100100
001000
100100
000101
100110
000100
000110
000111
010100
100111
101001
110101
000111
100111
000110
110111
101000
011011
000111
000110
011000
010111
000111
010101
111011
110111
101000
010100
010100
010100
010110
010101
001001
001010
010110
001000
011010
010111
001000
001010
100101
000101
100110
011010
011011
101001
000100
110100
010100
001011
111000
011010
110100
001000
010111
100111
101000
101000
011001
001000
001010
100110
011000
010111
100101
001011
100110
001000
000111
010111
000100
111011
011001
001011
100110
101011
011000
101001
100110
011000
100110
110111
010111
111000
110100
001010
011001
111000
100110
000101
000110
110111
100101
011000
111011
110100
000101
111000
100111
010101
001010
000111
010111
000100
001001
110101
001000
110100
100101
010110
100111
011010
110110
000111
111000
110100
100101
011010
101011
011000
000111
000111
000100
110111
110111
010100
100111
000101
111011
010110
000100
111010
011011
111000
111001
010111
100110
100110
101011
111001
000100
010111
011010
000111
111001
101000
110111
101001
000100
110110
010101
011000
000100
110111
010111
011010
000111
001010
010101
010111
010100
100111
011010
000111
000111
111000
011000
010101
100101
001000
111011
111000
010110
100100
001001
011010
100101
101011
101011
100100
111000
101011
100100
100100
100110
100100
010101
010101
001000
000110
000100
100101
011001
100101
100110
101011
001011
110100
101011
111010
101010
000101
010100
010111
101010
100101
111010
110101
111010
000101
100101
001010
010110
011001
110110
001010
101001
100100
010110
100101
101010
101011
010111
000101
110111
011010
010111
110111
110110
101000
000111
010110
100110
100110
100100
011011
100110
111010
000111
101001
010111
000111
010111
001011
100111
010101
011010
010101
011010
000110
011011
010101
000110
111011
010111
110101
110110
101010
101001
001011
000101
101010
010100
001011
001010
010111
101000
110110
010111
110101
010101
000101
010110
010101
010111
111000
000100
001010
011010
111000
001011
000100
111001
100111
010110
100110
010110
000101
110110
001011
011000
000101
100101
010110
000100
001010
111000
100101
111001
111001
010111
010110
110101
010110
100100
100101
000110
101000
100101
000101
000101
110100
101001
101000
000110
010110
010100
001001
101001
000111
110100
010101
110111
100111
100101
100111
101011
111001
100110
010100
111010
101011
110100
000100
111010
010110
100100
000100
110100
100110
100100
000101
000101
010111
000100
100100
011011
010111
000110
000100
100110
010100
100100
000111
110111
110101
100110
101011
111010
010101
000111
000110
001001
101001
101010
100111
011001
000101
111001
110100
010100
110110
110101
101000
110101
000111
000111
010101
100111
011010
101001
010101
001010
000110
100101
100101
010111
011001
111001
010110
110110
110101
111010
100111
011011
100100
100111
011001
110100
000111
010101
110100
010110
101010
110101
110110
001011
111010
101001
010101
010110
110110
011001
000110
111010
000101
010110
000110
001011
010110
010111
001000
100111
111001
001001
010101
101010
000111
110100
111001
110101
001011
111000
110101
110100
000101
100110
011000
110100
001010
101001
100100
110110
101011
110110
001000
010100
101000
110110
000101
110110
111011
111010
111011
110101
010111
111000
010111
111010
011011
111001
100100
000110
111001
000111
010111
111000
001010
110100
000101
110100
110111
001000
010111
000111
100110
101010
000111
000110
010100
100111
110111
111000
010111
101000
000111
010110
100111
100101
000111
000111
100110
001011
111010
000110
110111
011010
111011
100101
010101
100100
101000
110111
000100
010110
011000
100101
000100
100111
111001
010111
001000
011001
011001
010110
110111
100100
101011
100111
111001
101011
101010
101000
000100
110100
110110
010100
110100
011011
111011
111010
011000
000111
010101
001011
110101
010110
110110
000111
100110
110110
111011
101010
111001
100110
010111
001000
100101
100110
010101
010110
001010
110111
000111
111011
101011
111010
110110
000100
101010
011010
101011
100100
011011
110101
011000
011010
100100
000101
010110
100110
110101
000110
111010
000101
110100
110100
100100
000111
001000
110111
010101
110110
110101
001001
110101
000101
000111
110101
010101
110111
110111
001001
111011
011010
001001
011010
000111
001010
001001
110111
010110
110101
101000
111001
010101
001000
010100
000101
111000
100110
011000
100101
100110
110111
010100
110100
110101
101001
100110
011011
000110
111010
110100
001001
011000
100111
110110
100111
010111
010100
001001
110111
100101
000110
011010
010110
011000
000111
111011
011001
000111
100110
011001
110111
010111
011011
111010
111010
010100
100100
100100
100101
111011
100100
000100
001001
010111
100101
000111
001000
011011
110100
011000
101000
110100
111010
001011
000101
110110
001010
110101
001001
111000
001001
100110
011011
011010
001000
010110
011011
100110
100100
111000
110100
100100
010111
110110
110100
011001
110101
111011
001001
100100
011001
000110
011010
100100
001010
001011
010101
000100
000110
001010
101001
000111
011000
100111
110111
110110
001011
011001
001000
000110
110110
000111
110110
111011
011000
000111
000111
100101
111011
000101
101001
100110
000111
101000
100100
010111
110111
011000
001001
010100
110101
110100
110111
000100
110101
001011
000100
110110
100110
001010
110100
010100
000101
100100
101000
110101
111000
101001
111001
001011
011001
010110
011011
000110
010101
011011
000101
110111
011000
000101
110110
010110
011010
111011
000101
000100
100110
011000
101000
110111
110110
011010
111001
110100
100111
101001
011000
110100
111010
100101
011011
111010
111010
000111
100100
100111
100100
100100
100110
110100
